0,0,0,0,0,0,0
0.052339,2.9108,2.6395,2.7738,0.0045086,0.00090706,0.0014581
0.10468,5.7975,5.2595,5.5258,0.017575,0.0036095,0.0057714
0.15702,8.6603,7.86,8.2563,0.038546,0.0080796,0.01285
0.20936,11.499,10.441,10.965,0.066813,0.01429,0.022607
0.2617,14.315,13.004,13.653,0.10181,0.022213,0.034956
0.31404,17.107,15.547,16.32,0.14301,0.031822,0.049814
0.36638,19.876,18.072,18.966,0.18993,0.04309,0.067101
0.41872,22.622,20.577,21.591,0.2421,0.055992,0.086738
0.47105,25.346,23.065,24.196,0.29911,0.070501,0.10865
0.52339,28.046,25.534,26.78,0.36055,0.086592,0.13276
0.57573,30.725,27.984,29.344,0.42607,0.10424,0.15899
0.62807,33.381,30.417,31.888,0.49531,0.12342,0.18727
0.68041,36.015,32.831,34.412,0.56797,0.1441,0.21754
0.73275,38.628,35.228,36.916,0.64374,0.16627,0.24973
0.78509,41.218,37.607,39.4,0.72236,0.1899,0.28377
0.83743,43.787,39.968,41.865,0.80357,0.21496,0.3196
0.88977,46.335,42.312,44.311,0.88712,0.24143,0.35715
0.94211,48.862,44.639,46.738,0.97279,0.26928,0.39637
0.99445,51.368,46.948,49.145,1.0604,0.2985,0.43719
1.0468,53.853,49.241,51.534,1.1497,0.32907,0.47956
1.0991,56.318,51.516,53.904,1.2406,0.36095,0.52342
1.1515,58.762,53.774,56.256,1.3329,0.39413,0.56872
1.2038,61.186,56.016,58.589,1.4264,0.42858,0.6154
1.2561,63.589,58.241,60.903,1.521,0.46429,0.66342
1.3085,65.973,60.45,63.2,1.6166,0.50123,0.71271
1.3608,68.337,62.643,65.479,1.713,0.53937,0.76324
1.4132,70.682,64.819,67.739,1.8101,0.57871,0.81496
1.4655,73.007,66.979,69.982,1.9079,0.61922,0.86781
1.5178,75.313,69.123,72.208,2.0061,0.66087,0.92176
1.5702,77.599,71.252,74.416,2.1049,0.70366,0.97675
1.6225,79.867,73.364,76.607,2.2039,0.74755,1.0328
1.6749,82.116,75.461,78.78,2.3033,0.79253,1.0897
1.7272,84.346,77.542,80.937,2.4028,0.83858,1.1476
1.7795,86.558,79.609,83.076,2.5025,0.88568,1.2064
1.8319,88.751,81.659,85.199,2.6022,0.93381,1.266
1.8842,90.927,83.695,87.305,2.7019,0.98295,1.3264
1.9366,93.105,85.793,89.397,2.8017,1.0331,1.3876
1.9889,92.918,85.558,89.305,2.8995,1.0833,1.4487
2.0412,91.97,84.925,88.606,2.9888,1.1327,1.5077
2.0936,91.258,84.297,87.911,3.0699,1.1811,1.5645
2.1459,90.51,83.673,87.223,3.1432,1.2288,1.6193
2.1983,89.768,83.055,86.539,3.2094,1.2757,1.6721
2.2506,89.032,82.44,85.861,3.2689,1.3218,1.7229
2.3029,88.303,81.831,85.189,3.3222,1.3671,1.7718
2.3553,87.579,81.226,84.521,3.3697,1.4116,1.8189
2.4076,86.861,80.625,83.859,3.4119,1.4553,1.8641
2.46,86.149,80.029,83.202,3.4491,1.4983,1.9076
2.5123,85.443,79.437,82.55,3.4817,1.539,1.9494
2.5646,84.743,78.849,81.903,3.5101,1.5778,1.9896
2.617,84.048,78.266,81.261,3.5345,1.6158,2.0281
2.6693,83.359,77.688,80.625,3.5552,1.6528,2.065
2.7216,82.676,77.113,79.993,3.5725,1.6891,2.1004
2.774,81.998,76.543,79.366,3.5867,1.7244,2.1344
2.8263,81.326,75.977,78.745,3.5978,1.759,2.1668
2.8787,80.659,75.415,78.128,3.6063,1.7927,2.1979
2.931,79.998,74.857,77.515,3.6122,1.8256,2.2276
2.9833,79.343,74.304,76.908,3.6159,1.8577,2.2559
3.0357,78.692,73.754,76.306,3.6174,1.889,2.283
3.088,78.07,73.197,75.708,3.6169,1.9196,2.3088
3.1404,77.461,72.64,75.115,3.6145,1.9494,2.3333
3.1927,76.857,72.086,74.526,3.6209,1.9784,2.3567
3.245,76.258,71.538,73.942,3.6338,2.0067,2.3789
3.2974,75.664,70.993,73.363,3.6448,2.0343,2.4
3.3497,75.074,70.452,72.788,3.6541,2.0612,2.4199
3.4021,74.488,69.916,72.218,3.6616,2.0874,2.4388
3.4544,73.908,69.383,71.652,3.6676,2.1129,2.4567
3.5067,73.331,68.855,71.091,3.6721,2.1377,2.4735
3.5591,72.76,68.331,70.534,3.6751,2.1618,2.4894
3.6114,72.192,67.81,69.981,3.6767,2.1853,2.5043
3.6638,71.63,67.294,69.433,3.6771,2.2082,2.5183
3.7161,71.071,66.781,68.889,3.6761,2.2304,2.5314
3.7684,70.517,66.273,68.349,3.674,2.252,2.5436
3.8208,69.967,65.768,67.813,3.6708,2.2729,2.555
3.8731,69.422,65.267,67.282,3.6665,2.2933,2.5655
3.9255,68.88,64.77,66.755,3.6611,2.3131,2.5753
3.9778,68.343,64.277,66.232,3.6549,2.3233,2.5842
4.0301,67.811,63.788,65.713,3.6477,2.3214,2.5925
4.0825,67.282,63.302,65.198,3.6396,2.3188,2.5999
4.1348,66.757,62.82,64.687,3.6307,2.3158,2.6067
4.1872,66.237,62.341,64.181,3.621,2.3121,2.6128
4.2395,65.72,61.867,63.678,3.6106,2.308,2.6182
4.2918,65.208,61.396,63.179,3.5995,2.3033,2.6229
4.3442,64.7,60.928,62.684,3.5878,2.2982,2.627
4.3965,64.195,60.464,62.193,3.5754,2.2926,2.6305
4.4488,63.695,60.004,61.705,3.5624,2.2866,2.6334
4.5012,63.198,59.547,61.222,3.5489,2.2802,2.6358
4.5535,62.705,59.084,60.742,3.5348,2.2734,2.6375
4.6059,62.217,58.624,60.266,3.5203,2.2662,2.6388
4.6582,61.731,58.168,59.794,3.5053,2.2587,2.6395
4.7105,61.25,57.715,59.326,3.4903,2.2509,2.6397
4.7629,60.773,57.266,58.861,3.4845,2.2427,2.6394
4.8152,60.299,56.82,58.4,3.4781,2.2343,2.6386
4.8676,59.829,56.378,57.942,3.4712,2.2255,2.6374
4.9199,59.362,55.939,57.488,3.4637,2.2165,2.6357
4.9722,58.899,55.504,57.038,3.4557,2.2072,2.6336
5.0246,58.44,55.072,56.591,3.4472,2.1977,2.6311
5.0769,57.985,54.644,56.148,3.4382,2.188,2.6281
5.1293,57.533,54.218,55.708,3.4287,2.1781,2.6248
5.1816,57.084,53.796,55.271,3.4189,2.1679,2.6211
