0,1,1,1,1,1,1,1,1,1,1,1,1,1,1,1,1,1,1
0.28848,0.9992,0.99945,0.99892,0.9992,0.99945,0.99892,0.9992,0.99945,0.99892,0.9992,0.99945,0.99892,0.9992,0.99945,0.99892,0.9992,0.99945,0.99892
0.57697,0.99839,0.99887,0.99783,0.9984,0.99889,0.99784,0.9984,0.9989,0.99784,0.9984,0.9989,0.99784,0.9984,0.9989,0.99784,0.9984,0.9989,0.99784
0.86545,0.99756,0.99826,0.99672,0.9976,0.99833,0.99676,0.99761,0.99835,0.99677,0.99761,0.99835,0.99677,0.99761,0.99835,0.99677,0.99761,0.99835,0.99677
1.1539,0.99669,0.99757,0.99556,0.99679,0.99776,0.99567,0.99681,0.99779,0.99569,0.99681,0.9978,0.99569,0.99681,0.9978,0.99569,0.99681,0.9978,0.99569
1.4424,0.99576,0.99681,0.99432,0.99598,0.99717,0.99458,0.99601,0.99724,0.99461,0.99601,0.99725,0.99462,0.99601,0.99725,0.99462,0.99601,0.99725,0.99462
1.7309,0.99473,0.99602,0.99299,0.99515,0.99657,0.99347,0.99521,0.99668,0.99354,0.99522,0.99669,0.99354,0.99522,0.9967,0.99355,0.99522,0.9967,0.99355
2.0194,0.9936,0.99512,0.9914,0.99431,0.99593,0.99235,0.99441,0.99612,0.99246,0.99442,0.99614,0.99247,0.99442,0.99615,0.99247,0.99442,0.99615,0.99247
2.3079,0.99232,0.99417,0.98953,0.99345,0.99527,0.9912,0.99361,0.99555,0.99138,0.99363,0.99559,0.9914,0.99363,0.9956,0.9914,0.99363,0.9956,0.9914
2.5964,0.99087,0.99317,0.98728,0.99257,0.99457,0.99003,0.9928,0.99498,0.9903,0.99283,0.99504,0.99033,0.99283,0.99505,0.99033,0.99283,0.99505,0.99033
2.8848,0.98923,0.99204,0.98474,0.99166,0.99383,0.98884,0.992,0.99441,0.98921,0.99204,0.99449,0.98926,0.99204,0.9945,0.98927,0.99204,0.9945,0.98927
3.1733,0.98736,0.99077,0.98184,0.99073,0.99304,0.98761,0.99119,0.99383,0.98813,0.99124,0.99393,0.98819,0.99125,0.99395,0.9882,0.99125,0.99395,0.9882
3.4618,0.98524,0.98932,0.97856,0.98976,0.99227,0.98634,0.99038,0.99324,0.98704,0.99045,0.99338,0.98712,0.99046,0.9934,0.98713,0.99046,0.9934,0.98713
3.7503,0.98284,0.98767,0.9747,0.98875,0.99148,0.98504,0.98956,0.99265,0.98594,0.98965,0.99282,0.98605,0.98966,0.99285,0.98607,0.98967,0.99286,0.98607
4.0388,0.98013,0.9858,0.97041,0.9877,0.99065,0.98369,0.98874,0.99204,0.98485,0.98886,0.99227,0.98498,0.98887,0.9923,0.985,0.98888,0.99231,0.98501
4.3273,0.97709,0.98369,0.96568,0.9866,0.98978,0.98229,0.98791,0.99143,0.98374,0.98806,0.99171,0.98391,0.98808,0.99176,0.98394,0.98809,0.99176,0.98394
4.6158,0.9737,0.9813,0.96052,0.98546,0.98887,0.98077,0.98708,0.99081,0.98263,0.98727,0.99115,0.98285,0.98729,0.99121,0.98288,0.9873,0.99122,0.98288
4.9042,0.96993,0.97862,0.95492,0.98426,0.98794,0.97913,0.98624,0.99018,0.98152,0.98647,0.99059,0.98178,0.9865,0.99066,0.98182,0.98651,0.99067,0.98182
5.1927,0.96577,0.97561,0.94887,0.983,0.98696,0.9774,0.9854,0.98954,0.9804,0.98568,0.99003,0.98071,0.98571,0.99011,0.98076,0.98572,0.99012,0.98076
5.4812,0.9612,0.97227,0.94238,0.98169,0.98598,0.97559,0.98455,0.98889,0.97927,0.98488,0.98947,0.97964,0.98493,0.98956,0.9797,0.98493,0.98958,0.97971
5.7697,0.9562,0.96856,0.93547,0.98031,0.98498,0.97371,0.98369,0.98822,0.97814,0.98408,0.9889,0.97858,0.98414,0.98901,0.97864,0.98415,0.98903,0.97865
6.0582,0.95076,0.96446,0.92813,0.97886,0.98394,0.97173,0.98283,0.98755,0.977,0.98329,0.98834,0.97751,0.98335,0.98847,0.97758,0.98336,0.98849,0.97759
6.3467,0.94488,0.96003,0.92029,0.97735,0.98285,0.96967,0.98196,0.98686,0.97585,0.98249,0.98777,0.97644,0.98256,0.98792,0.97653,0.98257,0.98794,0.97654
6.6352,0.93854,0.95556,0.91181,0.97576,0.98171,0.96752,0.98108,0.98616,0.97469,0.98169,0.9872,0.97537,0.98178,0.98737,0.97547,0.98179,0.9874,0.97549
6.9236,0.93174,0.95078,0.90289,0.9741,0.98051,0.96527,0.98019,0.98545,0.97352,0.98089,0.98663,0.9743,0.98099,0.98682,0.97442,0.98101,0.98685,0.97443
7.2121,0.92449,0.94562,0.89356,0.97236,0.97925,0.96291,0.97929,0.98472,0.97235,0.98009,0.98606,0.97323,0.98021,0.98627,0.97336,0.98022,0.98631,0.97338
7.5006,0.91679,0.94007,0.88383,0.97054,0.97793,0.9603,0.97838,0.98398,0.97116,0.97929,0.98548,0.97217,0.97942,0.98573,0.97231,0.97944,0.98576,0.97233
7.7891,0.90864,0.93412,0.87373,0.96864,0.97655,0.9576,0.97747,0.98323,0.96997,0.97849,0.9849,0.9711,0.97864,0.98518,0.97126,0.97866,0.98522,0.97128
8.0776,0.90006,0.92777,0.86329,0.96665,0.9751,0.9548,0.97654,0.98246,0.96877,0.97769,0.98433,0.97003,0.97785,0.98463,0.97021,0.97787,0.98468,0.97024
8.3661,0.89104,0.92101,0.85252,0.96458,0.97359,0.95189,0.9756,0.98167,0.96756,0.97689,0.98374,0.96896,0.97707,0.98408,0.96916,0.97709,0.98414,0.96919
8.6545,0.88162,0.91384,0.84146,0.96242,0.972,0.94889,0.97466,0.98087,0.96633,0.97609,0.98316,0.96789,0.97629,0.98353,0.96811,0.97631,0.98359,0.96814
8.943,0.87181,0.90627,0.83014,0.96018,0.97034,0.94579,0.9737,0.98009,0.9651,0.97528,0.98258,0.96682,0.9755,0.98299,0.96707,0.97553,0.98305,0.9671
9.2315,0.86162,0.89856,0.81859,0.95785,0.96861,0.94258,0.97273,0.97933,0.96386,0.97448,0.98199,0.96574,0.97472,0.98244,0.96602,0.97475,0.98251,0.96606
9.52,0.85108,0.89073,0.80684,0.95542,0.9668,0.93928,0.97175,0.97857,0.9626,0.97367,0.9814,0.96467,0.97394,0.98189,0.96497,0.97398,0.98197,0.96502
9.8085,0.84021,0.88257,0.79491,0.95291,0.96491,0.93589,0.97076,0.97779,0.96134,0.97286,0.98081,0.9636,0.97316,0.98134,0.96393,0.9732,0.98143,0.96397
10.097,0.82905,0.87411,0.78284,0.95031,0.96294,0.9324,0.96976,0.97701,0.96007,0.97205,0.98021,0.96253,0.97238,0.98079,0.96289,0.97242,0.98088,0.96293
10.385,0.8176,0.86534,0.77066,0.94762,0.96089,0.92882,0.96875,0.97621,0.95878,0.97125,0.97961,0.96145,0.9716,0.98025,0.96184,0.97164,0.98034,0.9619
10.674,0.80591,0.85628,0.75734,0.94483,0.95876,0.92514,0.96773,0.9754,0.95749,0.97043,0.97901,0.96038,0.97082,0.9797,0.9608,0.97087,0.9798,0.96086
10.962,0.794,0.84695,0.74377,0.94196,0.95655,0.92138,0.96669,0.97458,0.95618,0.96962,0.97841,0.9593,0.97004,0.97915,0.95976,0.97009,0.97926,0.95982
11.251,0.7819,0.83736,0.72956,0.939,0.95426,0.91753,0.96564,0.97375,0.95486,0.96881,0.97781,0.95823,0.96926,0.9786,0.95872,0.96932,0.97872,0.95879
11.539,0.76964,0.82753,0.71495,0.93595,0.95188,0.9136,0.96459,0.97291,0.95353,0.968,0.9772,0.95715,0.96848,0.97805,0.95768,0.96854,0.97818,0.95775
11.828,0.75724,0.81747,0.70031,0.93281,0.94941,0.90959,0.96352,0.97206,0.95219,0.96718,0.97659,0.95607,0.9677,0.9775,0.95664,0.96777,0.97764,0.95672
12.116,0.74474,0.80719,0.6857,0.92958,0.94686,0.90549,0.96244,0.9712,0.95085,0.96636,0.97598,0.95499,0.96692,0.97696,0.95561,0.967,0.97711,0.95569
12.405,0.73215,0.79673,0.67115,0.92627,0.94423,0.90132,0.96134,0.97033,0.94949,0.96555,0.97536,0.95391,0.96615,0.97641,0.95457,0.96622,0.97657,0.95466
12.693,0.71952,0.78608,0.65668,0.92288,0.94151,0.89708,0.96024,0.96944,0.94812,0.96473,0.97475,0.95283,0.96537,0.97586,0.95353,0.96545,0.97603,0.95363
12.982,0.70685,0.77528,0.64233,0.9194,0.9387,0.89276,0.95912,0.96855,0.94672,0.96391,0.97413,0.95175,0.96459,0.97531,0.9525,0.96468,0.97549,0.9526
13.27,0.69419,0.76434,0.62813,0.91585,0.93581,0.88838,0.958,0.96764,0.9453,0.96309,0.97351,0.95067,0.96382,0.97476,0.95147,0.96391,0.97495,0.95157
13.559,0.68154,0.75328,0.6141,0.91221,0.93284,0.88393,0.95686,0.96673,0.94386,0.96226,0.97288,0.94959,0.96304,0.97421,0.95043,0.96314,0.97442,0.95055
13.847,0.66893,0.74212,0.60025,0.9085,0.92979,0.87941,0.95571,0.9658,0.94242,0.96144,0.97225,0.94851,0.96227,0.97366,0.9494,0.96237,0.97388,0.94952
14.136,0.65638,0.73087,0.58662,0.90471,0.92665,0.87484,0.95455,0.96486,0.94096,0.96062,0.97162,0.94742,0.96149,0.97312,0.94837,0.9616,0.97334,0.9485
14.424,0.64391,0.71955,0.57321,0.90085,0.92343,0.87021,0.95338,0.96391,0.93949,0.95979,0.97099,0.94634,0.96072,0.97257,0.94734,0.96083,0.9728,0.94747
14.713,0.63154,0.70885,0.56004,0.89691,0.92012,0.86552,0.95219,0.96296,0.93797,0.95896,0.97036,0.94526,0.95994,0.97202,0.94631,0.96007,0.97227,0.94645
15.001,0.61928,0.69858,0.54713,0.89291,0.91674,0.86074,0.951,0.96201,0.93643,0.95813,0.96972,0.94417,0.95917,0.97147,0.94528,0.9593,0.97173,0.94543
15.29,0.60715,0.68832,0.53447,0.88884,0.91328,0.85579,0.9498,0.96105,0.93487,0.9573,0.96908,0.94308,0.9584,0.97092,0.94426,0.95853,0.9712,0.94441
15.578,0.59515,0.67807,0.52208,0.88471,0.90986,0.85078,0.94858,0.96008,0.93331,0.95647,0.96844,0.942,0.95762,0.97037,0.94323,0.95777,0.97066,0.94339
15.867,0.5833,0.66784,0.50997,0.88051,0.90642,0.84574,0.94736,0.9591,0.93173,0.95564,0.96779,0.94091,0.95685,0.96982,0.94221,0.957,0.97013,0.94237
16.155,0.57162,0.65764,0.49813,0.87626,0.90291,0.84065,0.94612,0.95811,0.93014,0.9548,0.96715,0.93982,0.95608,0.96927,0.94118,0.95624,0.96959,0.94136
16.444,0.5601,0.64748,0.48658,0.87195,0.89933,0.83549,0.94487,0.95711,0.92855,0.95397,0.9665,0.93873,0.95531,0.96872,0.94016,0.95548,0.96906,0.94034
16.732,0.54876,0.63737,0.47531,0.86758,0.89569,0.83027,0.94362,0.9561,0.92694,0.95313,0.96584,0.93764,0.95454,0.96818,0.93914,0.95471,0.96852,0.93933
17.021,0.53761,0.62743,0.46431,0.86316,0.89199,0.82502,0.94235,0.95508,0.92532,0.9523,0.96519,0.93655,0.95377,0.96763,0.93811,0.95395,0.96799,0.93832
17.309,0.52664,0.61765,0.45247,0.8587,0.88823,0.81973,0.94107,0.95405,0.92369,0.95146,0.96453,0.93546,0.953,0.96708,0.93709,0.95319,0.96746,0.9373
17.598,0.51587,0.60795,0.44063,0.85418,0.88441,0.81443,0.93978,0.95301,0.92205,0.95062,0.96388,0.93437,0.95223,0.96653,0.93607,0.95243,0.96692,0.93629
17.886,0.50529,0.59834,0.4291,0.84962,0.88053,0.8091,0.93849,0.952,0.9204,0.94978,0.96322,0.93328,0.95146,0.96598,0.93505,0.95167,0.96639,0.93528
18.175,0.49492,0.58882,0.41788,0.84502,0.87659,0.80375,0.93718,0.95098,0.91875,0.94894,0.96255,0.93219,0.95069,0.96543,0.93404,0.95091,0.96586,0.93427
18.463,0.48475,0.5794,0.40697,0.84038,0.8726,0.79838,0.93586,0.94995,0.91708,0.94809,0.96189,0.9311,0.94992,0.96488,0.93302,0.95015,0.96532,0.93327
18.752,0.47479,0.57008,0.39637,0.83571,0.86856,0.793,0.93453,0.9489,0.9154,0.94725,0.96122,0.93,0.94915,0.96433,0.932,0.94939,0.96479,0.93226
19.04,0.46503,0.56087,0.38606,0.831,0.86447,0.7876,0.9332,0.94785,0.91372,0.94641,0.96055,0.92891,0.94839,0.96378,0.93099,0.94863,0.96426,0.93125
19.328,0.45548,0.55177,0.37605,0.82626,0.86033,0.7822,0.93185,0.9468,0.91203,0.94556,0.95988,0.92782,0.94762,0.96324,0.92997,0.94787,0.96373,0.93025
19.617,0.44614,0.54279,0.36634,0.82149,0.85615,0.77679,0.9305,0.94573,0.91033,0.94472,0.95921,0.92672,0.94685,0.96269,0.92896,0.94711,0.9632,0.92925
19.905,0.437,0.53392,0.35692,0.8167,0.85192,0.77138,0.92914,0.94465,0.90862,0.94387,0.95854,0.92563,0.94609,0.96214,0.92795,0.94636,0.96267,0.92824
20.194,0.42807,0.52517,0.34778,0.81188,0.84782,0.76597,0.92776,0.94356,0.90691,0.94302,0.95786,0.92454,0.94532,0.96159,0.92694,0.9456,0.96213,0.92724
20.482,0.41934,0.51655,0.33892,0.80704,0.84378,0.76056,0.92638,0.94247,0.90518,0.94217,0.95718,0.92344,0.94456,0.96104,0.92593,0.94485,0.9616,0.92624
20.771,0.41081,0.50805,0.33033,0.80219,0.83972,0.75515,0.92499,0.94136,0.90327,0.94132,0.95651,0.92235,0.94379,0.96049,0.92492,0.94409,0.96107,0.92524
21.059,0.40249,0.49968,0.322,0.79731,0.83563,0.74975,0.9236,0.94025,0.90136,0.94047,0.95583,0.92126,0.94303,0.95994,0.92391,0.94334,0.96054,0.92425
21.348,0.39436,0.49143,0.31394,0.79243,0.83153,0.74436,0.92219,0.93913,0.89943,0.93962,0.95514,0.92016,0.94226,0.9594,0.9229,0.94258,0.96002,0.92325
21.636,0.38643,0.48331,0.30613,0.78753,0.8274,0.73898,0.92078,0.938,0.89748,0.93877,0.95446,0.91907,0.9415,0.95885,0.9219,0.94183,0.95949,0.92225
21.925,0.37869,0.47533,0.29857,0.78262,0.82325,0.7336,0.91936,0.93686,0.89553,0.93792,0.95378,0.91798,0.94074,0.9583,0.92089,0.94108,0.95896,0.92126
22.213,0.37114,0.46747,0.29125,0.77771,0.81908,0.72787,0.91793,0.93571,0.89356,0.93707,0.95309,0.91689,0.93998,0.95775,0.91989,0.94033,0.95843,0.92027
22.502,0.36378,0.45975,0.28416,0.7728,0.81491,0.72214,0.91649,0.93455,0.89158,0.93622,0.9524,0.91579,0.93921,0.9572,0.91888,0.93958,0.9579,0.91927
22.79,0.3566,0.45215,0.27729,0.76788,0.81072,0.71643,0.91505,0.93339,0.88959,0.93537,0.95172,0.9147,0.93845,0.95666,0.91788,0.93883,0.95737,0.91828
23.079,0.34961,0.44514,0.27065,0.76296,0.80652,0.71072,0.9136,0.93222,0.88759,0.93451,0.95103,0.91361,0.93769,0.95611,0.91688,0.93808,0.95684,0.91729
23.367,0.34279,0.43857,0.26422,0.75805,0.80231,0.70502,0.91215,0.93104,0.88558,0.93366,0.95034,0.91252,0.93693,0.95556,0.91588,0.93733,0.95632,0.9163
23.656,0.33615,0.43211,0.258,0.75314,0.7981,0.69935,0.91069,0.92985,0.88356,0.93281,0.94964,0.91143,0.93617,0.95501,0.91488,0.93658,0.95579,0.91531
23.944,0.32968,0.42577,0.25198,0.74824,0.79389,0.69368,0.90922,0.92866,0.88153,0.93195,0.94895,0.91033,0.93541,0.95447,0.91388,0.93583,0.95526,0.91433
24.233,0.32337,0.41955,0.24616,0.74335,0.78968,0.68804,0.90775,0.92746,0.87949,0.9311,0.94826,0.90924,0.93466,0.95392,0.91288,0.93508,0.95474,0.91334
24.521,0.31723,0.41344,0.24052,0.73847,0.78547,0.68242,0.90628,0.92625,0.87744,0.93024,0.94756,0.90815,0.9339,0.95337,0.91189,0.93433,0.95421,0.91236
24.81,0.31124,0.40745,0.23506,0.73361,0.78126,0.67683,0.90479,0.92504,0.87538,0.92939,0.94687,0.90706,0.93314,0.95282,0.91089,0.93359,0.95368,0.91137
25.098,0.30542,0.40157,0.22978,0.72876,0.77706,0.67126,0.90331,0.92382,0.87332,0.92854,0.94617,0.90597,0.93238,0.95228,0.9099,0.93284,0.95316,0.91039
25.387,0.29974,0.3958,0.22467,0.72393,0.77286,0.66572,0.90182,0.92259,0.87124,0.92768,0.94547,0.90489,0.93163,0.95173,0.9089,0.9321,0.95263,0.90941
25.675,0.29421,0.39014,0.21973,0.71912,0.76868,0.66021,0.90033,0.92136,0.86916,0.92683,0.94478,0.9038,0.93087,0.95118,0.90791,0.93135,0.95211,0.90843
25.964,0.28883,0.38459,0.21494,0.71433,0.76451,0.65473,0.89883,0.92012,0.86707,0.92597,0.94408,0.90271,0.93011,0.95064,0.90692,0.93061,0.95158,0.90745
26.252,0.28359,0.37915,0.2103,0.70957,0.76035,0.64929,0.89733,0.91888,0.86498,0.92512,0.94338,0.90162,0.92936,0.95009,0.90593,0.92987,0.95106,0.90647
26.541,0.27848,0.37381,0.20582,0.70483,0.75621,0.64388,0.89583,0.91763,0.86288,0.92426,0.94268,0.90054,0.9286,0.94954,0.90494,0.92912,0.95053,0.90549
26.829,0.27351,0.36857,0.20147,0.70012,0.75208,0.6385,0.89432,0.91638,0.86077,0.92341,0.94203,0.89945,0.92785,0.949,0.90395,0.92838,0.95001,0.90451
27.118,0.26867,0.36344,0.19727,0.69544,0.74798,0.63317,0.89282,0.91512,0.85866,0.92255,0.94138,0.89837,0.9271,0.94845,0.90296,0.92764,0.94949,0.90354
27.406,0.26396,0.35841,0.1932,0.69079,0.7439,0.62787,0.89131,0.91386,0.85655,0.9217,0.94072,0.89728,0.92634,0.94791,0.90198,0.9269,0.94896,0.90256
27.695,0.25937,0.35347,0.18925,0.68617,0.73984,0.62262,0.8898,0.91259,0.85442,0.92084,0.94007,0.8962,0.92559,0.94736,0.90099,0.92616,0.94844,0.90159
27.983,0.2549,0.34864,0.18543,0.68159,0.7358,0.61741,0.88829,0.91133,0.8523,0.91999,0.93942,0.89512,0.92484,0.94681,0.9,0.92542,0.94792,0.90062
28.272,0.25055,0.34389,0.18174,0.67703,0.73179,0.61224,0.88678,0.91005,0.85017,0.91913,0.93877,0.89404,0.92409,0.94627,0.89902,0.92468,0.94739,0.89965
28.56,0.24631,0.33925,0.17815,0.67252,0.72781,0.60711,0.88527,0.90878,0.84804,0.91828,0.93812,0.89296,0.92334,0.94572,0.89804,0.92394,0.94687,0.89868
