0,1,1,1,1,1,1,1,1,1,1,1,1,1,1,1,1,1,1
0.28848,0.99888,0.9992,0.99849,0.99888,0.99921,0.99849,0.99888,0.99921,0.99849,0.99888,0.99921,0.99849,0.99888,0.99921,0.99849,0.99888,0.99921,0.99849
0.57697,0.99775,0.99839,0.99697,0.99776,0.99841,0.99698,0.99776,0.99841,0.99698,0.99776,0.99841,0.99698,0.99776,0.99841,0.99698,0.99776,0.99841,0.99698
0.86545,0.99659,0.99755,0.99522,0.99663,0.9976,0.99547,0.99664,0.99762,0.99547,0.99665,0.99762,0.99547,0.99665,0.99762,0.99547,0.99665,0.99762,0.99547
1.1539,0.99539,0.99666,0.993,0.99548,0.99677,0.99394,0.99552,0.99681,0.99396,0.99553,0.99683,0.99396,0.99553,0.99683,0.99396,0.99553,0.99683,0.99396
1.4424,0.99414,0.99574,0.99048,0.99432,0.99592,0.99241,0.99439,0.99601,0.99246,0.99441,0.99603,0.99246,0.99442,0.99604,0.99246,0.99442,0.99604,0.99246
1.7309,0.99283,0.99477,0.98768,0.99313,0.99505,0.99086,0.99326,0.99519,0.99095,0.99329,0.99523,0.99096,0.99331,0.99525,0.99096,0.99331,0.99525,0.99096
2.0194,0.99146,0.99372,0.98447,0.99193,0.99415,0.9891,0.99212,0.99437,0.98944,0.99217,0.99443,0.98946,0.99219,0.99445,0.98946,0.9922,0.99446,0.98946
2.3079,0.99,0.99261,0.98098,0.99069,0.99323,0.98713,0.99098,0.99354,0.98792,0.99105,0.99363,0.98796,0.99108,0.99366,0.98796,0.99109,0.99367,0.98796
2.5964,0.98845,0.99141,0.9772,0.98942,0.99229,0.98507,0.98982,0.9927,0.9864,0.98993,0.99283,0.98647,0.98997,0.99287,0.98647,0.98998,0.99289,0.98647
2.8848,0.98681,0.99012,0.97317,0.98812,0.99131,0.98292,0.98866,0.99185,0.98487,0.98881,0.99202,0.98497,0.98886,0.99208,0.98498,0.98887,0.9921,0.98498
3.1733,0.98506,0.98873,0.96889,0.98678,0.9903,0.98069,0.98749,0.99098,0.98334,0.98768,0.99121,0.98347,0.98774,0.99128,0.98349,0.98777,0.99131,0.98349
3.4618,0.98321,0.98725,0.96437,0.98539,0.98925,0.97839,0.9863,0.99011,0.9818,0.98655,0.9904,0.98197,0.98663,0.99049,0.982,0.98666,0.99053,0.982
3.7503,0.98124,0.98577,0.95964,0.98397,0.98815,0.97601,0.98511,0.98922,0.98025,0.98542,0.98958,0.98047,0.98552,0.98969,0.98051,0.98556,0.98974,0.98051
4.0388,0.97914,0.9842,0.9547,0.98251,0.98702,0.97356,0.98391,0.98831,0.9787,0.98429,0.98876,0.97897,0.98441,0.9889,0.97903,0.98446,0.98895,0.97903
4.3273,0.97692,0.98252,0.94956,0.98099,0.98584,0.97104,0.98269,0.98741,0.97713,0.98315,0.98793,0.97747,0.9833,0.9881,0.97755,0.98336,0.98817,0.97755
4.6158,0.97457,0.98075,0.94424,0.97943,0.98461,0.96846,0.98146,0.9865,0.97556,0.98201,0.9871,0.97597,0.98219,0.98731,0.97607,0.98226,0.98739,0.97607
4.9042,0.97209,0.97887,0.93875,0.97782,0.98333,0.96582,0.98022,0.98557,0.97398,0.98087,0.98626,0.97447,0.98108,0.98651,0.97459,0.98116,0.9866,0.97459
5.1927,0.96946,0.97691,0.9331,0.97616,0.98201,0.96309,0.97896,0.98463,0.97239,0.97972,0.98542,0.97296,0.97997,0.98571,0.97312,0.98006,0.98582,0.97312
5.4812,0.9667,0.97482,0.9273,0.97445,0.98063,0.96024,0.97769,0.98367,0.97079,0.97857,0.98458,0.97146,0.97886,0.98491,0.97164,0.97897,0.98504,0.97165
5.7697,0.96379,0.97263,0.92135,0.97269,0.97919,0.95733,0.97641,0.9827,0.96918,0.97741,0.98373,0.96995,0.97774,0.98411,0.97017,0.97787,0.98426,0.97018
6.0582,0.96074,0.97031,0.91528,0.97087,0.9777,0.95437,0.97511,0.98171,0.96756,0.97626,0.98288,0.96844,0.97663,0.98331,0.96869,0.97678,0.98348,0.96871
6.3467,0.95754,0.96788,0.90909,0.96899,0.97625,0.95136,0.9738,0.98071,0.96593,0.9751,0.98202,0.96693,0.97552,0.98251,0.96722,0.97569,0.9827,0.96724
6.6352,0.95419,0.96532,0.90279,0.96707,0.97476,0.94829,0.97247,0.97969,0.96429,0.97393,0.98115,0.96541,0.97441,0.98171,0.96575,0.97459,0.98192,0.96578
6.9236,0.95069,0.96275,0.89638,0.96508,0.97322,0.94518,0.97113,0.97866,0.96263,0.97276,0.98028,0.9639,0.9733,0.9809,0.96428,0.9735,0.98114,0.96432
7.2121,0.94704,0.96015,0.88987,0.96304,0.97163,0.94203,0.96978,0.97761,0.96097,0.97159,0.97941,0.96238,0.97219,0.9801,0.96281,0.97242,0.98036,0.96286
7.5006,0.94324,0.95743,0.88321,0.96094,0.97,0.93884,0.9684,0.97655,0.95929,0.97041,0.97853,0.96086,0.97107,0.97929,0.96134,0.97133,0.97958,0.96141
7.7891,0.93929,0.9546,0.87647,0.95879,0.96831,0.9356,0.96702,0.97547,0.95761,0.96923,0.97764,0.95934,0.96996,0.97849,0.95988,0.97024,0.97881,0.95995
8.0776,0.9352,0.95165,0.86966,0.95657,0.96658,0.93233,0.96562,0.97437,0.95591,0.96804,0.97675,0.95781,0.96885,0.97768,0.95841,0.96916,0.97803,0.9585
8.3661,0.93095,0.9486,0.86279,0.95431,0.96479,0.92903,0.9642,0.97325,0.9542,0.96686,0.97586,0.95629,0.96774,0.97687,0.95695,0.96807,0.97726,0.95705
8.6545,0.92656,0.94542,0.85585,0.95198,0.96295,0.92569,0.96277,0.97212,0.95248,0.96566,0.97496,0.95476,0.96662,0.97606,0.95548,0.96699,0.97648,0.9556
8.943,0.92202,0.94213,0.84886,0.9496,0.96105,0.92232,0.96132,0.97097,0.95075,0.96446,0.97405,0.95323,0.96551,0.97525,0.95402,0.96591,0.97571,0.95416
9.2315,0.91733,0.93872,0.84181,0.94716,0.95911,0.91892,0.95986,0.9698,0.949,0.96326,0.97314,0.9517,0.9644,0.97444,0.95256,0.96483,0.97493,0.95271
9.52,0.91251,0.93519,0.83473,0.94466,0.9571,0.9155,0.95838,0.96861,0.94725,0.96206,0.97222,0.95016,0.96328,0.97362,0.95109,0.96375,0.97416,0.95127
9.8085,0.90754,0.93155,0.8276,0.9421,0.95505,0.91205,0.95688,0.96741,0.94548,0.96085,0.9713,0.94862,0.96217,0.97281,0.94963,0.96267,0.97339,0.94983
10.097,0.90243,0.92778,0.82045,0.93949,0.95294,0.90857,0.95538,0.96619,0.9437,0.95963,0.97037,0.94708,0.96105,0.97199,0.94817,0.9616,0.97261,0.9484
10.385,0.89719,0.9239,0.81326,0.93683,0.95078,0.90507,0.95385,0.96495,0.94191,0.95842,0.96944,0.94554,0.95994,0.97118,0.94672,0.96052,0.97184,0.94696
10.674,0.89182,0.91989,0.80605,0.93411,0.94856,0.90155,0.95231,0.96369,0.94011,0.95719,0.96851,0.944,0.95882,0.97036,0.94526,0.95945,0.97107,0.94553
10.962,0.88631,0.91576,0.79881,0.93133,0.94628,0.89801,0.95076,0.96242,0.93829,0.95597,0.96758,0.94245,0.95771,0.96954,0.9438,0.95837,0.9703,0.9441
11.251,0.88068,0.91152,0.79157,0.9285,0.94395,0.89445,0.94919,0.96112,0.93647,0.95474,0.96663,0.9409,0.95659,0.96872,0.94235,0.9573,0.96953,0.94267
11.539,0.87492,0.90715,0.7843,0.92562,0.94157,0.89087,0.94761,0.95981,0.93463,0.9535,0.96569,0.93935,0.95548,0.9679,0.94089,0.95623,0.96876,0.94125
11.828,0.86903,0.90273,0.77703,0.92268,0.93912,0.88727,0.94601,0.95848,0.93278,0.95227,0.96473,0.93779,0.95436,0.96708,0.93944,0.95516,0.968,0.93982
12.116,0.86303,0.89841,0.76975,0.91969,0.93663,0.88365,0.9444,0.95714,0.93092,0.95102,0.96378,0.93624,0.95324,0.96626,0.93798,0.95409,0.96723,0.9384
12.405,0.85692,0.89399,0.76247,0.91665,0.9342,0.88002,0.94277,0.95577,0.92905,0.94978,0.96281,0.93468,0.95213,0.96544,0.93653,0.95303,0.96646,0.93698
12.693,0.85069,0.88946,0.75519,0.91356,0.93176,0.87638,0.94113,0.95439,0.92717,0.94853,0.96184,0.93312,0.95101,0.96461,0.93508,0.95196,0.9657,0.93556
12.982,0.84436,0.88483,0.74792,0.91041,0.92928,0.87272,0.93948,0.95299,0.92528,0.94727,0.96087,0.93156,0.94989,0.96379,0.93363,0.9509,0.96493,0.93415
13.27,0.83791,0.8801,0.74065,0.90722,0.92674,0.86905,0.93781,0.95157,0.92337,0.94602,0.95989,0.92999,0.94878,0.96296,0.93218,0.94983,0.96416,0.93273
13.559,0.83137,0.87526,0.7334,0.90398,0.92416,0.86537,0.93613,0.95014,0.92146,0.94476,0.9589,0.92842,0.94766,0.96214,0.93073,0.94877,0.9634,0.93132
13.847,0.82473,0.87033,0.72615,0.90069,0.92153,0.86168,0.93444,0.94868,0.91953,0.94349,0.95791,0.92685,0.94654,0.96131,0.92928,0.94771,0.96264,0.92991
14.136,0.818,0.86529,0.71893,0.89735,0.91885,0.85798,0.93273,0.94721,0.9176,0.94222,0.95692,0.92528,0.94542,0.96048,0.92783,0.94665,0.96187,0.92851
14.424,0.81118,0.86016,0.71172,0.89396,0.91612,0.85428,0.93101,0.94572,0.91565,0.94095,0.95591,0.92371,0.9443,0.95965,0.92639,0.94559,0.96111,0.9271
14.713,0.80427,0.85493,0.70453,0.89053,0.91334,0.85056,0.92927,0.94422,0.91369,0.93967,0.95491,0.92213,0.94318,0.95882,0.92494,0.94454,0.96035,0.9257
15.001,0.79728,0.8496,0.69737,0.88706,0.91051,0.84684,0.92753,0.94273,0.91173,0.9384,0.95389,0.92055,0.94207,0.95799,0.9235,0.94348,0.95959,0.9243
15.29,0.79021,0.84417,0.69024,0.88354,0.90763,0.84312,0.92577,0.94126,0.90975,0.93711,0.95288,0.91898,0.94095,0.95716,0.92205,0.94242,0.95882,0.9229
15.578,0.78307,0.83866,0.68314,0.87998,0.90471,0.83939,0.924,0.93977,0.90776,0.93583,0.95185,0.91739,0.93983,0.95632,0.92061,0.94137,0.95806,0.92151
15.867,0.77586,0.83305,0.67607,0.87638,0.90174,0.83567,0.92221,0.93826,0.90576,0.93454,0.95082,0.91581,0.93871,0.95549,0.91917,0.94032,0.9573,0.92011
16.155,0.76859,0.82735,0.66903,0.87274,0.89871,0.83194,0.92042,0.93674,0.90375,0.93325,0.94979,0.91422,0.93759,0.95465,0.91773,0.93927,0.95655,0.91872
16.444,0.76125,0.82156,0.66204,0.86906,0.89565,0.82821,0.91861,0.93521,0.90174,0.93195,0.94875,0.91264,0.93647,0.95382,0.91629,0.93822,0.95579,0.91733
16.732,0.75386,0.81568,0.65508,0.86534,0.89253,0.82448,0.9168,0.93365,0.89971,0.93065,0.9477,0.91105,0.93534,0.95298,0.91485,0.93717,0.95503,0.91594
17.021,0.74642,0.80972,0.64816,0.86158,0.88936,0.82075,0.91497,0.93209,0.89768,0.92935,0.94666,0.90946,0.93422,0.95214,0.91341,0.93612,0.95427,0.91456
17.309,0.73893,0.80367,0.64129,0.85779,0.88615,0.81703,0.91313,0.9305,0.89563,0.92804,0.94562,0.90786,0.9331,0.9513,0.91197,0.93507,0.95351,0.91318
17.598,0.73139,0.79755,0.63446,0.85396,0.8829,0.81331,0.91128,0.9289,0.89358,0.92673,0.94457,0.90627,0.93198,0.95046,0.91053,0.93403,0.95276,0.91179
17.886,0.72381,0.79134,0.62767,0.8501,0.87959,0.8096,0.90941,0.92729,0.89151,0.92542,0.94352,0.90467,0.93086,0.94962,0.90909,0.93298,0.952,0.91041
18.175,0.7162,0.78506,0.62093,0.84621,0.87624,0.80589,0.90754,0.92566,0.88944,0.92411,0.94247,0.90307,0.92974,0.94878,0.90766,0.93194,0.95125,0.90904
18.463,0.70856,0.7787,0.61425,0.84228,0.87285,0.80219,0.90566,0.92401,0.88736,0.92279,0.94141,0.90147,0.92862,0.94794,0.90622,0.9309,0.95049,0.90766
18.752,0.70089,0.77227,0.60761,0.83833,0.86941,0.7985,0.90377,0.92235,0.88527,0.92147,0.94035,0.89987,0.92749,0.94709,0.90479,0.92986,0.94974,0.90629
19.04,0.69319,0.76577,0.60102,0.83434,0.86592,0.79481,0.90186,0.92068,0.88317,0.92015,0.93929,0.89827,0.92637,0.94625,0.90336,0.92882,0.94899,0.90492
19.328,0.68548,0.7592,0.59449,0.83033,0.86239,0.79114,0.89995,0.91899,0.88107,0.91882,0.93822,0.89666,0.92525,0.9454,0.90193,0.92778,0.94823,0.90355
19.617,0.67774,0.75257,0.588,0.82629,0.85882,0.78747,0.89803,0.91728,0.87895,0.91749,0.93715,0.89505,0.92413,0.94456,0.90049,0.92674,0.94748,0.90218
19.905,0.67,0.74587,0.58158,0.82223,0.85521,0.78381,0.8961,0.91556,0.87683,0.91616,0.93607,0.89344,0.92301,0.94371,0.89906,0.9257,0.94673,0.90082
20.194,0.66225,0.73912,0.5752,0.81814,0.85155,0.77955,0.89416,0.91382,0.8747,0.91483,0.93499,0.89183,0.92188,0.94287,0.89763,0.92467,0.94598,0.89946
20.482,0.65449,0.7323,0.56889,0.81403,0.84785,0.77509,0.89221,0.91207,0.87256,0.91349,0.93391,0.89022,0.92076,0.94202,0.89621,0.92363,0.94523,0.89809
20.771,0.64673,0.72543,0.56263,0.8099,0.84411,0.77062,0.89025,0.9103,0.87042,0.91215,0.93283,0.88861,0.91964,0.94117,0.89478,0.9226,0.94448,0.89674
21.059,0.63898,0.7185,0.55642,0.80575,0.84033,0.76616,0.88828,0.90852,0.86826,0.91081,0.93174,0.88699,0.91851,0.94032,0.89335,0.92157,0.94373,0.89538
21.348,0.63123,0.71153,0.55027,0.80158,0.83652,0.7617,0.88631,0.90673,0.86606,0.90946,0.93064,0.88538,0.91739,0.93947,0.89192,0.92054,0.94298,0.89403
21.636,0.62349,0.7045,0.54418,0.79739,0.83266,0.75725,0.88432,0.90491,0.86386,0.90812,0.92955,0.88376,0.91627,0.93862,0.8905,0.91951,0.94223,0.89267
21.925,0.61576,0.69743,0.53815,0.79318,0.82876,0.75279,0.88233,0.90309,0.86165,0.90677,0.92845,0.88214,0.91514,0.93777,0.88907,0.91848,0.94149,0.89132
22.213,0.60805,0.69032,0.53125,0.78896,0.82484,0.74835,0.88033,0.90125,0.85942,0.90541,0.92735,0.88052,0.91402,0.93692,0.88765,0.91745,0.94074,0.88997
22.502,0.60035,0.68317,0.52378,0.78472,0.82108,0.74391,0.87832,0.89939,0.85716,0.90406,0.92624,0.8789,0.9129,0.93606,0.88623,0.91643,0.93999,0.88863
22.79,0.59268,0.67598,0.51638,0.78047,0.81729,0.73948,0.8763,0.89752,0.85487,0.9027,0.92513,0.87727,0.91177,0.93521,0.88481,0.9154,0.93925,0.88728
23.079,0.58503,0.66876,0.50905,0.7762,0.81346,0.73505,0.87428,0.89564,0.85256,0.90134,0.92402,0.87565,0.91065,0.93436,0.88339,0.91438,0.9385,0.88594
23.367,0.57741,0.6615,0.5018,0.77193,0.80961,0.73064,0.87224,0.89374,0.85025,0.89998,0.9229,0.87402,0.90953,0.9335,0.88197,0.91336,0.93776,0.8846
23.656,0.56982,0.65422,0.49461,0.76764,0.80573,0.72618,0.8702,0.89182,0.84793,0.89861,0.92179,0.87239,0.9084,0.93265,0.88055,0.91234,0.93702,0.88326
23.944,0.56226,0.6469,0.48659,0.76334,0.80182,0.72167,0.86816,0.88989,0.84559,0.89724,0.92066,0.87076,0.90728,0.93179,0.87913,0.91132,0.93627,0.88193
24.233,0.55473,0.63957,0.47833,0.75904,0.79788,0.71717,0.86611,0.88795,0.84323,0.89587,0.91954,0.86913,0.90616,0.93093,0.87771,0.9103,0.93553,0.88059
24.521,0.54724,0.63221,0.47015,0.75473,0.79403,0.71268,0.86405,0.886,0.84087,0.8945,0.91841,0.8675,0.90503,0.93008,0.8763,0.90928,0.93479,0.87926
24.81,0.5398,0.62483,0.46204,0.75041,0.79035,0.7082,0.86198,0.88402,0.83849,0.89313,0.91728,0.86587,0.90391,0.92922,0.87488,0.90826,0.93405,0.87793
25.098,0.53239,0.61744,0.45401,0.74608,0.78666,0.70374,0.85991,0.88204,0.83611,0.89175,0.91615,0.86423,0.90279,0.92836,0.87347,0.90725,0.93331,0.8766
25.387,0.52503,0.61003,0.44605,0.74175,0.78296,0.69928,0.85783,0.88004,0.83372,0.89037,0.91501,0.8626,0.90166,0.9275,0.87206,0.90623,0.93257,0.87528
25.675,0.51771,0.60262,0.43818,0.73742,0.77925,0.69484,0.85574,0.87803,0.83131,0.88899,0.91387,0.86096,0.90054,0.92664,0.87064,0.90522,0.93183,0.87395
25.964,0.51044,0.5956,0.43039,0.73308,0.77553,0.69041,0.85365,0.876,0.8289,0.8876,0.91273,0.85932,0.89942,0.92579,0.86923,0.90421,0.93109,0.87263
26.252,0.50322,0.58898,0.42269,0.72874,0.7718,0.68599,0.85155,0.87397,0.82647,0.88622,0.91159,0.85768,0.89829,0.92493,0.86782,0.9032,0.93035,0.87131
26.541,0.49606,0.58237,0.41507,0.7244,0.76812,0.68159,0.84945,0.87191,0.82404,0.88483,0.91044,0.85604,0.89717,0.92406,0.86641,0.90219,0.92961,0.86999
26.829,0.48894,0.57588,0.40753,0.72006,0.76447,0.67721,0.84734,0.87005,0.8216,0.88344,0.90929,0.8544,0.89605,0.9232,0.86501,0.90118,0.92887,0.86868
27.118,0.48188,0.5695,0.40009,0.71572,0.76081,0.67264,0.84523,0.86821,0.81914,0.88205,0.90814,0.85276,0.89493,0.92234,0.8636,0.90017,0.92814,0.86736
27.406,0.47488,0.56316,0.39273,0.71137,0.75715,0.66705,0.84311,0.86637,0.81668,0.88066,0.90698,0.85109,0.8938,0.92148,0.86219,0.89916,0.9274,0.86605
27.695,0.46793,0.55684,0.38547,0.70704,0.75348,0.66145,0.84099,0.86453,0.81421,0.87926,0.90583,0.84943,0.89268,0.92062,0.86079,0.89816,0.92667,0.86474
27.983,0.46104,0.55055,0.3783,0.7027,0.74982,0.65584,0.83886,0.86271,0.81173,0.87786,0.90467,0.84776,0.89156,0.91976,0.85938,0.89715,0.92593,0.86343
28.272,0.45421,0.54429,0.37121,0.69837,0.74615,0.65023,0.83673,0.86094,0.80925,0.87647,0.9035,0.84609,0.89044,0.91889,0.85798,0.89615,0.9252,0.86213
28.56,0.44745,0.53806,0.36298,0.69404,0.74247,0.64461,0.83459,0.85917,0.80675,0.87506,0.90234,0.84442,0.88932,0.91803,0.85658,0.89515,0.92446,0.86082
