0,1,1,1,1,1,1,1,1,1,1,1,1,1,1,1,1,1,1
0.28848,0.99895,0.99927,0.99828,0.99907,0.99936,0.99872,0.99913,0.99941,0.99876,0.99914,0.99944,0.99877,0.99915,0.99946,0.99877,0.99915,0.99946,0.99877
0.57697,0.99751,0.99822,0.99566,0.998,0.9986,0.99711,0.99821,0.99877,0.99749,0.99827,0.99886,0.99753,0.99829,0.9989,0.99754,0.9983,0.99892,0.99754
0.86545,0.99571,0.99693,0.99244,0.99678,0.99773,0.99518,0.99725,0.99809,0.99619,0.99739,0.99826,0.99629,0.99744,0.99834,0.99631,0.99745,0.99839,0.99632
1.1539,0.99357,0.99556,0.98874,0.99544,0.99673,0.99303,0.99625,0.99738,0.99486,0.99649,0.99764,0.99504,0.99658,0.99778,0.99508,0.99661,0.99785,0.9951
1.4424,0.9911,0.994,0.98463,0.99397,0.99562,0.99068,0.99522,0.99665,0.9935,0.99559,0.99702,0.99379,0.99571,0.99721,0.99386,0.99576,0.99731,0.99387
1.7309,0.98833,0.9923,0.98015,0.99238,0.99442,0.98818,0.99415,0.99588,0.99204,0.99467,0.99637,0.99252,0.99485,0.99663,0.99263,0.99491,0.99678,0.99265
2.0194,0.98526,0.99042,0.97526,0.99068,0.99316,0.98554,0.99304,0.99508,0.99054,0.99374,0.99572,0.99124,0.99398,0.99605,0.9914,0.99407,0.99624,0.99143
2.3079,0.98191,0.98834,0.97008,0.98887,0.99181,0.98277,0.99191,0.99425,0.989,0.99281,0.99505,0.98996,0.99311,0.99546,0.99017,0.99322,0.99571,0.99021
2.5964,0.97829,0.98606,0.96465,0.98696,0.99037,0.97989,0.99074,0.99339,0.9874,0.99186,0.99437,0.98868,0.99224,0.99488,0.98894,0.99238,0.99517,0.989
2.8848,0.97443,0.98357,0.95901,0.98495,0.98884,0.97692,0.98954,0.9925,0.98575,0.99091,0.99368,0.98738,0.99137,0.99428,0.98771,0.99154,0.99463,0.98778
3.1733,0.97034,0.98087,0.95317,0.98285,0.98729,0.97386,0.98832,0.99158,0.98408,0.98994,0.99297,0.98608,0.9905,0.99369,0.98648,0.99069,0.9941,0.98657
3.4618,0.96602,0.97796,0.94717,0.98065,0.98572,0.97072,0.98707,0.99063,0.98237,0.98897,0.99226,0.98478,0.98962,0.9931,0.98526,0.98985,0.99356,0.98536
3.7503,0.9615,0.97484,0.94103,0.97838,0.98408,0.96751,0.9858,0.98966,0.98063,0.98799,0.99155,0.98347,0.98875,0.9925,0.98403,0.98901,0.99303,0.98415
4.0388,0.95679,0.9715,0.93473,0.97603,0.98241,0.96424,0.9845,0.98866,0.97888,0.987,0.99084,0.98215,0.98787,0.9919,0.9828,0.98817,0.9925,0.98294
4.3273,0.9519,0.96796,0.92821,0.9736,0.9807,0.96084,0.98318,0.98764,0.9771,0.98601,0.99013,0.98083,0.98699,0.9913,0.98157,0.98733,0.99196,0.98173
4.6158,0.94684,0.96422,0.92158,0.9711,0.97894,0.95732,0.98184,0.9866,0.9753,0.98501,0.9894,0.9795,0.98611,0.9907,0.98035,0.98649,0.99143,0.98052
4.9042,0.94163,0.96027,0.91487,0.96853,0.97711,0.95375,0.98048,0.98553,0.97348,0.984,0.98868,0.97817,0.98523,0.9901,0.97912,0.98565,0.9909,0.97932
5.1927,0.93627,0.95629,0.90808,0.9659,0.97522,0.95012,0.9791,0.98444,0.97164,0.98299,0.98794,0.97684,0.98434,0.98949,0.9779,0.98481,0.99036,0.97812
5.4812,0.93079,0.95218,0.90123,0.96321,0.97328,0.94645,0.9777,0.98333,0.96979,0.98197,0.9872,0.9755,0.98346,0.98889,0.97667,0.98398,0.98983,0.97691
5.7697,0.92518,0.94791,0.89433,0.96047,0.97127,0.94274,0.97629,0.9822,0.96792,0.98095,0.98645,0.97416,0.98258,0.98828,0.97544,0.98314,0.9893,0.97571
6.0582,0.91947,0.94349,0.8874,0.95767,0.9692,0.93899,0.97486,0.98104,0.96605,0.97992,0.98569,0.97281,0.98169,0.98767,0.97421,0.98231,0.98877,0.97452
6.3467,0.91365,0.93891,0.88044,0.95482,0.96708,0.93521,0.97341,0.97992,0.96416,0.97888,0.98493,0.97146,0.98081,0.98706,0.97298,0.98147,0.98823,0.97332
6.6352,0.90775,0.93419,0.87344,0.95192,0.9649,0.93141,0.97194,0.97879,0.96226,0.97784,0.98417,0.97011,0.97992,0.98645,0.97175,0.98064,0.9877,0.97212
6.9236,0.90177,0.92934,0.8661,0.94898,0.96267,0.92758,0.97047,0.97765,0.96035,0.9768,0.98339,0.96875,0.97903,0.98583,0.97052,0.9798,0.98717,0.97093
7.2121,0.89572,0.92435,0.85874,0.946,0.96039,0.92373,0.96898,0.97649,0.95843,0.97575,0.98262,0.96739,0.97815,0.98522,0.96929,0.97897,0.98664,0.96974
7.5006,0.8896,0.91924,0.85138,0.94298,0.95805,0.91987,0.96747,0.97531,0.9565,0.9747,0.98184,0.96602,0.97726,0.9846,0.96807,0.97814,0.98611,0.96854
7.7891,0.88343,0.91402,0.84402,0.93992,0.95566,0.91599,0.96596,0.97413,0.95457,0.97364,0.98105,0.96465,0.97637,0.98399,0.96684,0.97731,0.98558,0.96735
8.0776,0.87722,0.90891,0.83667,0.93683,0.95322,0.9121,0.96443,0.97293,0.95263,0.97258,0.98026,0.96328,0.97548,0.98337,0.96561,0.97648,0.98505,0.96617
8.3661,0.87096,0.90386,0.82934,0.93371,0.95074,0.90821,0.9629,0.97172,0.95068,0.97152,0.97946,0.96191,0.97459,0.98275,0.96439,0.97565,0.98452,0.96498
8.6545,0.86468,0.89875,0.82203,0.93056,0.9482,0.9043,0.96135,0.9705,0.94873,0.97045,0.97866,0.96053,0.9737,0.98213,0.96316,0.97482,0.98399,0.96379
8.943,0.85837,0.89358,0.81476,0.92739,0.94563,0.9004,0.95979,0.96927,0.94677,0.96938,0.97786,0.95915,0.97281,0.98151,0.96194,0.97399,0.98346,0.96261
9.2315,0.85204,0.88836,0.80752,0.92419,0.943,0.89649,0.95822,0.96803,0.94481,0.96831,0.97705,0.95777,0.97192,0.98089,0.96071,0.97316,0.98293,0.96143
9.52,0.8457,0.88309,0.80031,0.92097,0.94034,0.89258,0.95665,0.96678,0.94285,0.96723,0.97624,0.95639,0.97103,0.98027,0.95949,0.97234,0.9824,0.96025
9.8085,0.83935,0.87786,0.79316,0.91772,0.93764,0.88868,0.95506,0.96551,0.94088,0.96615,0.97542,0.95501,0.97014,0.97965,0.95827,0.97151,0.98187,0.95907
10.097,0.83299,0.8726,0.78605,0.91446,0.93489,0.88478,0.95347,0.96424,0.93892,0.96507,0.9746,0.95363,0.96925,0.97902,0.95705,0.97069,0.98135,0.95789
10.385,0.82664,0.86729,0.779,0.91118,0.93211,0.88088,0.95187,0.96296,0.93695,0.96399,0.97378,0.95224,0.96836,0.9784,0.95583,0.96986,0.98082,0.95671
10.674,0.8203,0.86196,0.772,0.90789,0.92941,0.877,0.95026,0.96168,0.93497,0.9629,0.97295,0.95085,0.96747,0.97777,0.95461,0.96904,0.98029,0.95554
10.962,0.81397,0.8566,0.76506,0.90458,0.92679,0.87312,0.94865,0.96038,0.933,0.96181,0.97212,0.94946,0.96658,0.97715,0.95339,0.96821,0.97976,0.95436
11.251,0.80765,0.85122,0.75818,0.90126,0.92416,0.86925,0.94703,0.95908,0.93103,0.96072,0.97128,0.94807,0.96569,0.97652,0.95217,0.96739,0.97924,0.95319
11.539,0.80135,0.84581,0.75137,0.89793,0.9215,0.86539,0.9454,0.95776,0.92905,0.95963,0.97045,0.94668,0.9648,0.9759,0.95095,0.96657,0.97871,0.95202
11.828,0.79508,0.8404,0.74462,0.89459,0.91883,0.86154,0.94377,0.95645,0.92705,0.95853,0.96961,0.94529,0.96391,0.97527,0.94973,0.96575,0.97818,0.95085
12.116,0.78883,0.83496,0.73794,0.89124,0.91614,0.85771,0.94214,0.95512,0.92505,0.95744,0.96877,0.9439,0.96302,0.97464,0.94852,0.96493,0.97766,0.94968
12.405,0.78261,0.82952,0.73133,0.88789,0.91344,0.85389,0.94049,0.95379,0.92305,0.95634,0.96792,0.94251,0.96213,0.97401,0.9473,0.96411,0.97713,0.94851
12.693,0.77642,0.82407,0.72478,0.88453,0.91072,0.85008,0.93885,0.95245,0.92105,0.95524,0.96707,0.94112,0.96124,0.97339,0.94609,0.96329,0.9766,0.94735
12.982,0.77026,0.81862,0.71831,0.88116,0.90799,0.84626,0.9372,0.9511,0.91904,0.95414,0.96622,0.93972,0.96035,0.97276,0.94488,0.96247,0.97608,0.94619
13.27,0.76414,0.81317,0.71173,0.87779,0.90525,0.84231,0.93554,0.94975,0.91702,0.95304,0.96537,0.93833,0.95946,0.97213,0.94366,0.96165,0.97555,0.94502
13.559,0.75806,0.80772,0.70499,0.87442,0.9025,0.83837,0.93389,0.9484,0.915,0.95193,0.96451,0.93694,0.95857,0.9715,0.94245,0.96083,0.97503,0.94386
13.847,0.75201,0.80227,0.69832,0.87105,0.89974,0.83445,0.93222,0.94703,0.91299,0.95083,0.96366,0.93554,0.95768,0.97087,0.94124,0.96002,0.97451,0.9427
14.136,0.74601,0.79683,0.69172,0.86768,0.89697,0.83055,0.93056,0.94567,0.91097,0.94972,0.9628,0.93415,0.95679,0.97024,0.94003,0.9592,0.97398,0.94154
14.424,0.74005,0.7914,0.6852,0.86431,0.89419,0.82666,0.92889,0.9443,0.90896,0.94861,0.96193,0.93275,0.9559,0.96961,0.93882,0.95839,0.97346,0.94039
14.713,0.73414,0.78598,0.67876,0.86094,0.8914,0.82279,0.92722,0.94292,0.90695,0.94751,0.96107,0.93136,0.95501,0.96898,0.93762,0.95757,0.97293,0.93923
15.001,0.72827,0.78057,0.67239,0.85757,0.88861,0.81894,0.92555,0.94154,0.90494,0.9464,0.9602,0.92996,0.95412,0.96834,0.93641,0.95676,0.97241,0.93808
15.29,0.72244,0.77518,0.6661,0.8542,0.88581,0.81511,0.92387,0.94015,0.90294,0.94529,0.95934,0.92857,0.95323,0.96771,0.93521,0.95595,0.97189,0.93693
15.578,0.71667,0.76981,0.65988,0.85084,0.883,0.81129,0.9222,0.93876,0.90093,0.94418,0.95847,0.92718,0.95234,0.96708,0.934,0.95513,0.97136,0.93577
15.867,0.71094,0.76445,0.65374,0.84748,0.8802,0.80749,0.92052,0.93737,0.89893,0.94307,0.95759,0.92578,0.95145,0.96645,0.9328,0.95432,0.97084,0.93463
16.155,0.70526,0.75927,0.64767,0.84413,0.87738,0.80372,0.91884,0.93597,0.89692,0.94195,0.95672,0.92439,0.95056,0.96582,0.9316,0.95351,0.97032,0.93348
16.444,0.69963,0.75439,0.64134,0.84078,0.87456,0.79996,0.91715,0.93457,0.89493,0.94084,0.95584,0.92299,0.94967,0.96518,0.93039,0.9527,0.9698,0.93233
16.732,0.69404,0.74954,0.635,0.83744,0.87174,0.79622,0.91547,0.93316,0.89293,0.93972,0.95497,0.9216,0.94878,0.96455,0.92919,0.95189,0.96928,0.93118
17.021,0.68851,0.74472,0.62874,0.8341,0.86892,0.7925,0.91378,0.93175,0.89093,0.93861,0.95408,0.9202,0.94789,0.96391,0.92799,0.95108,0.96876,0.93004
17.309,0.68303,0.73992,0.62255,0.83077,0.86609,0.7888,0.91209,0.93034,0.88894,0.93749,0.9532,0.91881,0.94701,0.96328,0.92679,0.95027,0.96823,0.9289
17.598,0.67759,0.73526,0.61643,0.82745,0.86327,0.78512,0.9104,0.92893,0.88695,0.93637,0.95232,0.91742,0.94612,0.96264,0.9256,0.94947,0.96771,0.92776
17.886,0.67221,0.73073,0.61039,0.82413,0.86044,0.78146,0.90871,0.92751,0.88496,0.93526,0.95143,0.91602,0.94523,0.96201,0.9244,0.94866,0.96719,0.92662
18.175,0.66687,0.72624,0.60442,0.82083,0.85761,0.77782,0.90701,0.92608,0.88297,0.93414,0.95054,0.91463,0.94434,0.96137,0.9232,0.94785,0.96667,0.92548
18.463,0.66159,0.72177,0.59852,0.81753,0.85477,0.7742,0.90532,0.92465,0.88099,0.93301,0.94965,0.91323,0.94345,0.96073,0.922,0.94705,0.96615,0.92434
18.752,0.65635,0.71734,0.59269,0.81423,0.85194,0.7706,0.90362,0.92322,0.87901,0.93189,0.94876,0.91184,0.94256,0.96009,0.92081,0.94624,0.96563,0.92321
19.04,0.65117,0.71294,0.58694,0.81095,0.84911,0.76702,0.90192,0.92179,0.87703,0.93077,0.94786,0.91044,0.94167,0.95945,0.91961,0.94544,0.96511,0.92207
19.328,0.64603,0.70857,0.58126,0.80767,0.84628,0.76347,0.90023,0.92035,0.87506,0.92964,0.94696,0.90905,0.94078,0.95881,0.91842,0.94464,0.96459,0.92094
19.617,0.64094,0.70423,0.57565,0.80441,0.84345,0.75993,0.89852,0.91891,0.87308,0.92852,0.94606,0.90765,0.93988,0.95817,0.91722,0.94383,0.96408,0.91981
19.905,0.63591,0.69992,0.57011,0.80115,0.84062,0.75641,0.89682,0.91747,0.87111,0.92739,0.94516,0.90626,0.93899,0.95753,0.91603,0.94303,0.96356,0.91868
20.194,0.63092,0.69565,0.56464,0.79791,0.83779,0.75292,0.89512,0.91602,0.86914,0.92626,0.94426,0.90486,0.9381,0.95689,0.91484,0.94223,0.96304,0.91755
20.482,0.62598,0.69141,0.55924,0.79467,0.83497,0.74944,0.89342,0.91457,0.86718,0.92514,0.94335,0.90347,0.93721,0.95624,0.91364,0.94143,0.96252,0.91642
20.771,0.62109,0.6872,0.55391,0.79144,0.83214,0.74599,0.89171,0.91312,0.86521,0.924,0.94244,0.90207,0.93632,0.9556,0.91245,0.94063,0.962,0.9153
21.059,0.61626,0.68302,0.54864,0.78823,0.82932,0.74256,0.89001,0.91167,0.86325,0.92287,0.94153,0.90068,0.93542,0.95495,0.91126,0.93983,0.96149,0.91417
21.348,0.61147,0.67888,0.54345,0.78503,0.82651,0.73915,0.8883,0.91021,0.8613,0.92174,0.94062,0.89928,0.93453,0.9543,0.91007,0.93903,0.96097,0.91305
21.636,0.60673,0.67477,0.53832,0.78183,0.82369,0.73576,0.88659,0.90875,0.85934,0.92061,0.9397,0.89789,0.93364,0.95366,0.90888,0.93823,0.96045,0.91193
21.925,0.60204,0.67069,0.53326,0.77865,0.82088,0.73239,0.88489,0.90729,0.85739,0.91948,0.93879,0.89649,0.93274,0.95301,0.90769,0.93744,0.95993,0.91081
22.213,0.59739,0.66664,0.52827,0.77549,0.81808,0.72904,0.88318,0.90583,0.85545,0.91834,0.93787,0.8951,0.93185,0.95236,0.9065,0.93664,0.95942,0.90969
22.502,0.5928,0.66263,0.52334,0.77233,0.81528,0.72572,0.88148,0.90436,0.8535,0.91721,0.93695,0.89371,0.93095,0.95171,0.90531,0.93584,0.9589,0.90857
22.79,0.58826,0.65865,0.51848,0.76919,0.81248,0.72242,0.87977,0.9029,0.85156,0.91607,0.93603,0.89231,0.93006,0.95106,0.90412,0.93505,0.95839,0.90745
23.079,0.58376,0.6547,0.51368,0.76606,0.8097,0.71914,0.87806,0.90143,0.84963,0.91493,0.93511,0.89092,0.92916,0.9504,0.90294,0.93425,0.95787,0.90634
23.367,0.57932,0.65083,0.50895,0.76295,0.80691,0.71588,0.87636,0.89996,0.8477,0.9138,0.93418,0.88953,0.92827,0.94975,0.90175,0.93346,0.95736,0.90523
23.656,0.57492,0.64706,0.50428,0.75984,0.80414,0.71265,0.87466,0.89849,0.84577,0.91266,0.93326,0.88813,0.92737,0.9491,0.90057,0.93267,0.95684,0.90411
23.944,0.57057,0.64333,0.49968,0.75676,0.80137,0.70943,0.87295,0.89702,0.84385,0.91152,0.93233,0.88674,0.92648,0.94845,0.89938,0.93187,0.95633,0.903
24.233,0.56626,0.63963,0.49513,0.75368,0.7986,0.70624,0.87125,0.89555,0.84193,0.91039,0.9314,0.88535,0.92558,0.94779,0.8982,0.93108,0.95581,0.90189
24.521,0.56201,0.63597,0.49065,0.75062,0.79585,0.70308,0.86955,0.89407,0.84001,0.90925,0.93047,0.88396,0.92469,0.94714,0.89702,0.93029,0.9553,0.90079
24.81,0.5578,0.63233,0.48623,0.74758,0.7931,0.69993,0.86785,0.8926,0.8381,0.90811,0.92954,0.88257,0.92379,0.94648,0.89583,0.9295,0.95478,0.89968
25.098,0.55364,0.62873,0.48187,0.74454,0.79036,0.6968,0.86615,0.89112,0.8362,0.90697,0.92861,0.88118,0.9229,0.94583,0.89465,0.92871,0.95427,0.89857
25.387,0.54952,0.62516,0.47756,0.74153,0.78762,0.6937,0.86445,0.88965,0.8343,0.90584,0.92767,0.8798,0.92201,0.94517,0.89347,0.92792,0.95376,0.89747
25.675,0.54545,0.62162,0.47332,0.73853,0.7849,0.69062,0.86276,0.88817,0.8324,0.9047,0.92674,0.87841,0.92111,0.94451,0.89229,0.92713,0.95324,0.89637
25.964,0.54142,0.61811,0.46913,0.73554,0.78218,0.68756,0.86106,0.8867,0.83051,0.90356,0.9258,0.87702,0.92022,0.94386,0.89111,0.92635,0.95273,0.89527
26.252,0.53744,0.61464,0.465,0.73257,0.77947,0.68453,0.85937,0.88522,0.82863,0.90242,0.92487,0.87564,0.91932,0.9432,0.88994,0.92556,0.95222,0.89417
26.541,0.53351,0.61119,0.46093,0.72961,0.77677,0.68151,0.85768,0.88375,0.82675,0.90128,0.92393,0.87425,0.91843,0.94254,0.88876,0.92477,0.95171,0.89307
26.829,0.52962,0.60783,0.45691,0.72667,0.77408,0.67852,0.85599,0.88227,0.82487,0.90015,0.92299,0.87287,0.91753,0.94189,0.88758,0.92399,0.95119,0.89197
27.118,0.52577,0.6045,0.45294,0.72374,0.77139,0.67554,0.8543,0.8808,0.823,0.89901,0.92206,0.87149,0.91664,0.94123,0.88641,0.9232,0.95068,0.89088
27.406,0.52196,0.60121,0.44903,0.72083,0.76872,0.67225,0.85262,0.87932,0.82114,0.89787,0.92112,0.87011,0.91575,0.94057,0.88524,0.92242,0.95017,0.88978
27.695,0.5182,0.59794,0.44517,0.71793,0.76605,0.66896,0.85094,0.87784,0.81928,0.89674,0.92018,0.86873,0.91485,0.93991,0.88406,0.92163,0.94966,0.88869
27.983,0.51448,0.59471,0.44137,0.71505,0.7634,0.66568,0.84926,0.87637,0.81742,0.8956,0.91924,0.86735,0.91396,0.93925,0.88289,0.92085,0.94915,0.8876
28.272,0.5108,0.5915,0.43759,0.71218,0.76075,0.66243,0.84758,0.8749,0.81557,0.89446,0.9183,0.86598,0.91307,0.9386,0.88172,0.92007,0.94864,0.88651
28.56,0.50716,0.58832,0.43345,0.70933,0.75811,0.6592,0.8459,0.87342,0.81373,0.89333,0.91736,0.8646,0.91218,0.93794,0.88055,0.91929,0.94813,0.88542
