0,0,0,0,0,0,0
0.052339,3.0323,2.6998,2.8598,0.01141,0.0010415,0.0019767
0.10468,6.0386,5.3794,5.6967,0.042072,0.0041359,0.0077844
0.15702,9.0192,8.0389,8.5109,0.087535,0.0092381,0.017245
0.20936,11.974,10.678,11.302,0.1454,0.016304,0.030187
0.2617,14.904,13.298,14.072,0.21407,0.02529,0.046445
0.31404,17.808,15.898,16.819,0.2914,0.036154,0.065863
0.36638,20.688,18.479,19.544,0.37554,0.048854,0.08829
0.41872,23.543,21.04,22.247,0.46517,0.063349,0.11358
0.47105,26.374,23.582,24.929,0.55914,0.079597,0.14159
0.52339,29.18,26.105,27.589,0.65657,0.09756,0.17219
0.57573,31.962,28.609,30.227,0.7567,0.1172,0.20525
0.62807,34.72,31.094,32.845,0.85889,0.13847,0.24064
0.68041,37.455,33.561,35.442,0.96263,0.16134,0.27826
0.73275,40.166,36.009,38.018,1.0675,0.18578,0.31797
0.78509,42.854,38.439,40.573,1.1732,0.21174,0.35969
0.83743,45.519,40.85,43.107,1.2793,0.23918,0.40329
0.88977,48.161,43.244,45.622,1.3857,0.26809,0.44868
0.94211,50.781,45.619,48.116,1.4922,0.2984,0.49577
0.99445,53.378,47.977,50.59,1.5986,0.33011,0.54445
1.0468,55.953,50.317,53.045,1.7048,0.36316,0.59465
1.0991,58.505,52.64,55.48,1.8106,0.39754,0.64628
1.1515,61.036,54.945,57.895,1.916,0.4332,0.69925
1.2038,63.545,57.232,60.291,2.0209,0.47011,0.75349
1.2561,66.033,59.503,62.668,2.1253,0.50824,0.80893
1.3085,68.499,61.756,65.025,2.2291,0.54757,0.86548
1.3608,70.944,63.993,67.364,2.3322,0.58806,0.92308
1.4132,73.368,66.213,69.684,2.4347,0.62968,0.98166
1.4655,75.772,68.416,71.986,2.5365,0.6724,1.0412
1.5178,78.155,70.603,74.269,2.6376,0.7162,1.1015
1.5702,80.517,72.773,76.534,2.7565,0.76104,1.1627
1.6225,82.859,74.927,78.78,2.8805,0.8069,1.2246
1.6749,85.181,77.065,81.009,3.0045,0.85375,1.2872
1.7272,87.483,79.187,83.22,3.1285,0.90157,1.3505
1.7795,89.766,81.293,85.413,3.2523,0.95032,1.4144
1.8319,92.029,83.383,87.588,3.3759,0.99999,1.4787
1.8842,94.272,85.457,89.746,3.4993,1.0505,1.5436
1.9366,96.496,87.516,91.887,3.6222,1.102,1.609
1.9889,98.701,89.528,93.963,3.7449,1.1542,1.6748
2.0412,98.946,89.364,93.697,3.8645,1.207,1.7395
2.0936,98.098,88.528,92.78,3.9719,1.2589,1.8006
2.1459,97.257,87.909,92.082,4.0674,1.3094,1.8583
2.1983,96.424,87.249,91.344,4.1519,1.3587,1.9128
2.2506,95.597,86.595,90.612,4.2264,1.4068,1.9642
2.3029,94.778,85.946,89.886,4.2917,1.4536,2.0126
2.3553,93.965,85.301,89.166,4.3485,1.4993,2.0582
2.4076,93.16,84.661,88.451,4.3976,1.5439,2.101
2.46,92.361,84.026,87.743,4.4396,1.5873,2.1412
2.5123,91.569,83.396,87.04,4.475,1.6295,2.179
2.5646,90.785,82.771,86.342,4.5044,1.6707,2.2143
2.617,90.006,82.15,85.65,4.5284,1.7108,2.2473
2.6693,89.235,81.534,84.964,4.5474,1.7499,2.278
2.7216,88.47,80.922,84.283,4.5619,1.7879,2.3067
2.774,87.711,80.315,83.608,4.5721,1.8249,2.3333
2.8263,86.96,79.713,82.938,4.5785,1.8608,2.358
2.8787,86.214,79.115,82.274,4.5814,1.8958,2.3809
2.931,85.475,78.522,81.615,4.5811,1.9298,2.4019
2.9833,84.743,77.933,80.961,4.5778,1.9629,2.4213
3.0357,84.016,77.348,80.312,4.5719,1.995,2.439
3.088,83.296,76.768,79.669,4.5636,2.0262,2.4551
3.1404,82.582,76.192,79.03,4.5531,2.0565,2.4697
3.1927,81.874,75.621,78.397,4.5406,2.086,2.4829
3.245,81.172,75.054,77.769,4.5268,2.1145,2.4948
3.2974,80.476,74.491,77.146,4.5133,2.1422,2.5053
3.3497,79.787,73.932,76.528,4.4982,2.1691,2.5146
3.4021,79.103,73.378,75.915,4.4815,2.1951,2.5226
3.4544,78.425,72.827,75.306,4.4635,2.2203,2.5295
3.5067,77.752,72.281,74.703,4.4443,2.2448,2.5354
3.5591,77.086,71.739,74.104,4.4239,2.2684,2.5401
3.6114,76.425,71.201,73.511,4.4067,2.2913,2.5439
3.6638,75.77,70.667,72.922,4.3927,2.3134,2.5467
3.7161,75.12,70.137,72.337,4.3777,2.3237,2.5486
3.7684,74.476,69.611,71.758,4.3616,2.3246,2.5497
3.8208,73.838,69.089,71.183,4.3446,2.3248,2.5499
3.8731,73.205,68.571,70.613,4.3267,2.3242,2.5493
3.9255,72.578,68.056,70.047,4.308,2.3229,2.5479
3.9778,71.956,67.546,69.486,4.2885,2.3209,2.5459
4.0301,71.339,67.039,68.929,4.2683,2.3184,2.5431
4.0825,70.727,66.537,68.377,4.2475,2.3152,2.5397
4.1348,70.121,66.038,67.829,4.2261,2.3005,2.5357
4.1872,69.52,65.542,67.285,4.2042,2.2827,2.531
4.2395,68.924,65.051,66.746,4.1818,2.2649,2.5259
4.2918,68.333,64.563,66.211,4.159,2.2473,2.5201
4.3442,67.747,64.079,65.681,4.1358,2.2298,2.5139
4.3965,67.167,63.598,65.155,4.1122,2.2124,2.5072
4.4488,66.591,63.121,64.633,4.0883,2.1952,2.5
4.5012,66.025,62.648,64.115,4.0641,2.178,2.4924
4.5535,65.483,62.178,63.601,4.0396,2.1604,2.4843
4.6059,64.947,61.711,63.092,4.0149,2.1427,2.4759
4.6582,64.414,61.249,62.586,3.99,2.1251,2.4671
4.7105,63.886,60.789,62.085,3.965,2.1076,2.4579
4.7629,63.363,60.333,61.587,3.9397,2.0903,2.4484
4.8152,62.843,59.881,61.094,3.9144,2.0731,2.4386
4.8676,62.328,59.432,60.604,3.8889,2.0561,2.4285
4.9199,61.817,58.986,60.119,3.8634,2.0392,2.4181
4.9722,61.31,58.544,59.637,3.8377,2.0224,2.4075
5.0246,60.808,58.104,59.159,3.8121,2.0058,2.3966
5.0769,60.309,57.669,58.685,3.7863,1.9893,2.3854
5.1293,59.815,57.217,58.215,3.7606,1.973,2.3741
5.1816,59.325,56.746,57.749,3.7348,1.9568,2.3625
