0,0,0,0,0,0,0
0.052339,2.0359,1.7062,1.8559,0.0021089,0.00040717,0.00064856
0.10468,4.0602,3.4042,3.7021,0.0082885,0.0016231,0.0025762
0.15702,6.0729,5.0941,5.5388,0.018326,0.0036393,0.0057561
0.20936,8.0741,6.7758,7.3658,0.032019,0.0064477,0.010162
0.2617,10.064,8.4496,9.1834,0.049173,0.01004,0.015768
0.31404,12.042,10.115,10.992,0.069606,0.014408,0.022549
0.36638,14.009,11.773,12.79,0.093142,0.019543,0.03048
0.41872,15.965,13.423,14.58,0.11962,0.025438,0.039535
0.47105,17.91,15.065,16.36,0.14887,0.032084,0.049692
0.52339,19.844,16.699,18.13,0.18074,0.039475,0.060927
0.57573,21.766,18.325,19.892,0.2151,0.0476,0.073215
0.62807,23.678,19.943,21.644,0.2518,0.056454,0.086535
0.68041,25.579,21.554,23.388,0.29072,0.066028,0.10086
0.73275,27.468,23.157,25.122,0.33173,0.076315,0.11618
0.78509,29.347,24.752,26.847,0.37471,0.087306,0.13246
0.83743,31.216,26.34,28.563,0.41955,0.098995,0.14968
0.88977,33.073,27.92,30.27,0.46614,0.11137,0.16783
0.94211,34.921,29.493,31.969,0.51438,0.12444,0.18687
0.99445,36.757,31.058,33.658,0.56417,0.13817,0.2068
1.0468,38.583,32.615,35.339,0.61542,0.15258,0.22759
1.0991,40.399,34.165,37.011,0.66804,0.16764,0.24922
1.1515,42.204,35.708,38.674,0.72195,0.18336,0.27168
1.2038,43.999,37.243,40.329,0.77707,0.19972,0.29494
1.2561,45.783,38.771,41.975,0.83332,0.21673,0.31898
1.3085,47.558,40.291,43.613,0.89063,0.23436,0.34379
1.3608,49.322,41.804,45.241,0.94892,0.25262,0.36935
1.4132,51.077,43.31,46.862,1.0081,0.2715,0.39564
1.4655,52.821,44.809,48.474,1.0682,0.29099,0.42264
1.5178,54.555,46.301,50.078,1.1291,0.31108,0.45034
1.5702,56.28,47.785,51.673,1.1907,0.33177,0.47872
1.6225,57.994,49.263,53.26,1.2531,0.35306,0.50777
1.6749,59.699,50.733,54.839,1.316,0.37492,0.53746
1.7272,61.394,52.196,56.409,1.3796,0.39737,0.56778
1.7795,63.079,53.652,57.972,1.4437,0.42038,0.59872
1.8319,64.755,55.102,59.526,1.5083,0.44396,0.63026
1.8842,66.421,56.544,61.072,1.5734,0.4681,0.66239
1.9366,68.078,57.979,62.61,1.6389,0.49279,0.69508
1.9889,69.725,59.408,64.165,1.7048,0.51803,0.72834
2.0412,70.346,59.959,64.704,1.7703,0.54364,0.76198
2.0936,69.852,59.642,64.367,1.8322,0.56903,0.79499
2.1459,69.462,59.357,64.033,1.8905,0.59414,0.82725
2.1983,69.066,59.072,63.699,1.9453,0.61897,0.85877
2.2506,68.671,58.789,63.368,1.9968,0.64354,0.88957
2.3029,68.279,58.508,63.038,2.0451,0.66783,0.91965
2.3553,67.889,58.228,62.71,2.0905,0.69186,0.94903
2.4076,67.502,57.949,62.384,2.1329,0.71562,0.97773
2.46,67.116,57.672,62.059,2.1727,0.73911,1.0057
2.5123,66.733,57.395,61.736,2.2098,0.76235,1.0331
2.5646,66.352,57.121,61.415,2.2445,0.78532,1.0598
2.617,65.973,56.847,61.095,2.2769,0.80804,1.0859
2.6693,65.596,56.575,60.777,2.307,0.83038,1.1113
2.7216,65.222,56.304,60.461,2.335,0.85169,1.1361
2.774,64.85,56.034,60.146,2.3609,0.87269,1.1603
2.8263,64.479,55.766,59.834,2.385,0.89339,1.1839
2.8787,64.111,55.499,59.522,2.4072,0.91379,1.2069
2.931,63.746,55.233,59.212,2.4277,0.9339,1.2294
2.9833,63.383,54.969,58.904,2.4465,0.95372,1.2512
3.0357,63.022,54.706,58.598,2.4638,0.97324,1.2726
3.088,62.663,54.444,58.293,2.4796,0.99248,1.2933
3.1404,62.306,54.183,57.989,2.4939,1.0114,1.3136
3.1927,61.951,53.924,57.688,2.5069,1.0301,1.3333
3.245,61.598,53.665,57.388,2.5186,1.0485,1.3525
3.2974,61.247,53.408,57.089,2.5291,1.0666,1.3711
3.3497,60.898,53.153,56.792,2.5385,1.0845,1.3893
3.4021,60.551,52.898,56.496,2.5467,1.1021,1.407
3.4544,60.206,52.645,56.202,2.5539,1.1194,1.4242
3.5067,59.863,52.393,55.91,2.5601,1.1364,1.4409
3.5591,59.522,52.142,55.619,2.5654,1.1532,1.4572
3.6114,59.183,51.892,55.329,2.5698,1.1698,1.473
3.6638,58.846,51.644,55.042,2.5733,1.186,1.4884
3.7161,58.511,51.396,54.755,2.576,1.2021,1.5033
3.7684,58.177,51.15,54.47,2.5779,1.2178,1.5178
3.8208,57.846,50.905,54.187,2.5821,1.2333,1.5318
3.8731,57.516,50.662,53.905,2.5927,1.2486,1.5455
3.9255,57.189,50.419,53.624,2.6024,1.2637,1.5587
3.9778,56.863,50.178,53.345,2.6114,1.2785,1.5716
4.0301,56.539,49.937,53.068,2.6197,1.293,1.584
4.0825,56.217,49.698,52.791,2.6273,1.3073,1.596
4.1348,55.897,49.46,52.517,2.6342,1.3214,1.6077
4.1872,55.578,49.223,52.243,2.6404,1.3353,1.619
4.2395,55.262,48.988,51.972,2.646,1.3489,1.6299
4.2918,54.947,48.753,51.701,2.6509,1.3623,1.6405
4.3442,54.634,48.52,51.432,2.6553,1.3755,1.6507
4.3965,54.323,48.287,51.165,2.6591,1.3884,1.6606
4.4488,54.013,48.056,50.898,2.6623,1.4012,1.6701
4.5012,53.705,47.826,50.633,2.665,1.4137,1.6793
4.5535,53.399,47.597,50.37,2.6671,1.426,1.6882
4.6059,53.095,47.369,50.108,2.6688,1.4381,1.6967
4.6582,52.793,47.142,49.847,2.6699,1.45,1.705
4.7105,52.492,46.917,49.588,2.6706,1.4616,1.7129
4.7629,52.193,46.692,49.33,2.6709,1.4731,1.7205
4.8152,51.896,46.468,49.073,2.6707,1.4844,1.7278
4.8676,51.6,46.246,48.818,2.67,1.4954,1.7348
4.9199,51.307,46.024,48.564,2.669,1.5063,1.7416
4.9722,51.016,45.804,48.311,2.6675,1.517,1.748
5.0246,50.726,45.585,48.059,2.6657,1.5274,1.7542
5.0769,50.438,45.367,47.809,2.6635,1.5377,1.7601
5.1293,50.151,45.149,47.561,2.661,1.5478,1.7657
5.1816,49.867,44.933,47.313,2.6581,1.5549,1.7711
