0,0,0,0,0,0,0
0.052339,3.0101,2.68,2.8388,0.011326,0.0010339,0.0019622
0.10468,5.9943,5.3399,5.6549,0.041763,0.0041055,0.0077273
0.15702,8.953,7.9799,8.4484,0.086893,0.0091703,0.017118
0.20936,11.886,10.6,11.22,0.14434,0.016184,0.029965
0.2617,14.794,13.201,13.968,0.21249,0.025105,0.046104
0.31404,17.678,15.782,16.695,0.28926,0.035889,0.06538
0.36638,20.536,18.343,19.4,0.37279,0.048496,0.087642
0.41872,23.37,20.886,22.084,0.46175,0.062884,0.11274
0.47105,26.18,23.409,24.746,0.55504,0.079013,0.14055
0.52339,28.966,25.913,27.386,0.65175,0.096844,0.17092
0.57573,31.727,28.399,30.006,0.75115,0.11634,0.20374
0.62807,34.465,30.866,32.604,0.85258,0.13746,0.23887
0.68041,37.18,33.315,35.182,0.95556,0.16016,0.27621
0.73275,39.871,35.745,37.738,1.0597,0.18441,0.31564
0.78509,42.54,38.157,40.275,1.1646,0.21018,0.35705
0.83743,45.185,40.551,42.791,1.2699,0.23743,0.40033
0.88977,47.808,42.926,45.287,1.3756,0.26612,0.44539
0.94211,50.408,45.285,47.763,1.4813,0.29621,0.49213
0.99445,52.986,47.625,50.219,1.5869,0.32769,0.54046
1.0468,55.542,49.948,52.656,1.6923,0.3605,0.59028
1.0991,58.076,52.253,55.072,1.7973,0.39462,0.64153
1.1515,60.588,54.541,57.47,1.9019,0.43002,0.69412
1.2038,63.079,56.812,59.848,2.0061,0.46666,0.74796
1.2561,65.548,59.066,62.208,2.1097,0.50451,0.80299
1.3085,67.996,61.303,64.548,2.2127,0.54355,0.85912
1.3608,70.423,63.523,66.87,2.3151,0.58374,0.9163
1.4132,72.83,65.727,69.173,2.4168,0.62506,0.97446
1.4655,75.216,67.914,71.457,2.5179,0.66747,1.0335
1.5178,77.581,70.085,73.724,2.6182,0.71094,1.0935
1.5702,79.926,72.239,75.972,2.7363,0.75546,1.1542
1.6225,82.251,74.377,78.202,2.8594,0.80098,1.2156
1.6749,84.556,76.499,80.414,2.9825,0.84749,1.2778
1.7272,86.841,78.606,82.609,3.1055,0.89495,1.3406
1.7795,89.107,80.696,84.786,3.2284,0.94335,1.404
1.8319,91.353,82.771,86.945,3.3511,0.99265,1.4679
1.8842,93.58,84.83,89.087,3.4736,1.0428,1.5323
1.9366,95.575,86.874,91.212,3.5957,1.0939,1.5972
1.9889,95.284,86.995,91.254,3.7135,1.145,1.6614
2.0412,94.469,86.343,90.523,3.8187,1.1949,1.7224
2.0936,93.661,85.695,89.798,3.9123,1.2436,1.7799
2.1459,92.86,85.052,89.078,3.9952,1.2911,1.8343
2.1983,92.066,84.415,88.365,4.0684,1.3375,1.8856
2.2506,91.279,83.781,87.657,4.1325,1.3826,1.934
2.3029,90.498,83.153,86.954,4.1884,1.4267,1.9795
2.3553,89.725,82.529,86.258,4.2367,1.4696,2.0224
2.4076,88.957,81.91,85.567,4.278,1.5114,2.0626
2.46,88.197,81.296,84.881,4.3129,1.5522,2.1004
2.5123,87.442,80.686,84.201,4.3421,1.5919,2.1358
2.5646,86.695,80.081,83.526,4.366,1.6306,2.1688
2.617,85.953,79.481,82.857,4.3849,1.6682,2.1997
2.6693,85.218,78.885,82.193,4.3994,1.7049,2.2285
2.7216,84.49,78.293,81.535,4.4098,1.7405,2.2553
2.774,83.767,77.706,80.881,4.4164,1.7752,2.2802
2.8263,83.051,77.123,80.233,4.4196,1.8089,2.3032
2.8787,82.341,76.544,79.59,4.4197,1.8418,2.3244
2.931,81.639,75.97,78.953,4.417,1.8736,2.3439
2.9833,80.944,75.401,78.32,4.4117,1.9046,2.3619
3.0357,80.254,74.835,77.693,4.4049,1.9347,2.3782
3.088,79.571,74.274,77.07,4.398,1.964,2.3931
3.1404,78.893,73.717,76.453,4.389,1.9924,2.4066
3.1927,78.221,73.164,75.84,4.3781,2.0199,2.4187
3.245,77.555,72.615,75.233,4.3654,2.0467,2.4295
3.2974,76.895,72.071,74.63,4.3512,2.0726,2.4391
3.3497,76.24,71.53,74.032,4.3354,2.0977,2.4474
3.4021,75.59,70.994,73.439,4.3222,2.122,2.4547
3.4544,74.947,70.461,72.85,4.313,2.1456,2.4608
3.5067,74.308,69.933,72.267,4.3025,2.1685,2.4659
3.5591,73.675,69.408,71.688,4.2906,2.1906,2.47
3.6114,73.048,68.888,71.113,4.2776,2.2119,2.4732
3.6638,72.426,68.371,70.543,4.2634,2.2326,2.4755
3.7161,71.809,67.858,69.978,4.2482,2.2526,2.4768
3.7684,71.197,67.349,69.418,4.2321,2.2588,2.4774
3.8208,70.591,66.844,68.861,4.215,2.2586,2.4772
3.8731,69.99,66.343,68.31,4.1971,2.2576,2.4762
3.9255,69.394,65.845,67.762,4.1785,2.256,2.4745
3.9778,68.803,65.351,67.219,4.1591,2.2538,2.4722
4.0301,68.217,64.861,66.681,4.1392,2.2429,2.4691
4.0825,67.636,64.375,66.147,4.1186,2.2256,2.4655
4.1348,67.06,63.892,65.617,4.0975,2.2084,2.4613
4.1872,66.489,63.413,65.091,4.076,2.1912,2.4565
4.2395,65.922,62.937,64.569,4.0539,2.1742,2.4511
4.2918,65.361,62.465,64.052,4.0315,2.1573,2.4453
4.3442,64.804,61.997,63.539,4.0087,2.1403,2.439
4.3965,64.252,61.532,63.03,3.9856,2.1227,2.4322
4.4488,63.705,61.07,62.525,3.9622,2.1053,2.425
4.5012,63.163,60.572,62.024,3.9385,2.088,2.4174
4.5535,62.625,60.074,61.527,3.9146,2.0708,2.4093
4.6059,62.091,59.58,61.034,3.8905,2.0538,2.401
4.6582,61.563,59.09,60.545,3.8662,2.0369,2.3922
4.7105,61.067,58.604,60.06,3.8417,2.0202,2.3831
4.7629,60.575,58.122,59.579,3.8171,2.0036,2.3738
4.8152,60.087,57.644,59.101,3.7924,1.9871,2.3641
4.8676,59.603,57.17,58.628,3.7676,1.9708,2.3541
4.9199,59.123,56.7,58.158,3.7427,1.9546,2.3439
4.9722,58.647,56.234,57.692,3.7177,1.9386,2.3334
5.0246,58.184,55.771,57.23,3.6927,1.9226,2.3227
5.0769,57.725,55.312,56.771,3.6677,1.9068,2.3117
5.1293,57.27,54.858,56.316,3.6426,1.8912,2.3006
5.1816,56.818,54.406,55.865,3.6176,1.8756,2.2893
